2020 June 285382077.00 72316928.00 52170.00 612515.00 11039954.00 369403644.00 480246.00 7379361.95 1948467.20 592439.35 54154.00 10854568.18 546775.70 4787234.00 4430134.00 357100.00 0.07 247.22 1.18 115297.00 76.00 0.09 0.00 0.00 0.20 9.70 0.00 65.30 1016.20 10.00 6.90 74.00
2020 May 218414414.00 69471279.00 35127.00 1865032.00 4079308.00 293865160.00 428214.00 4596525.10 1392877.99 577809.00 45160.00 9540466.37 546775.70 4816235.00 4200723.00 615512.00 0.13 245.70 1.18 108267.00 65.30 0.17 0.00 0.00 3.50 3.00 1.00 54.40 1017.20 12.14 7.20 71.00
2020 April 324933859.00 75982938.00 115296.00 694746.00 3621974.00 405348813.00 453224.00 4127130.25 1404143.84 554221.66 45640.00 7104996.58 546775.70 4687926.00 4082234.00 605692.00 0.13 246.25 1.18 69933.00 59.40 0.14 0.00 0.00 6.40 0.60 0.00 45.00 1013.00 9.91 7.40 62.00
2020 March 370424731.00 84895982.00 408188.00 660717.00 10818319.00 467207937.00 566294.63 12140574.60 1889007.99 652271.32 62168.00 10851400.73 600630.90 4971240.00 4755540.00 215700.00 0.04 248.14 1.19 82677.00 57.90 0.07 0.00 0.00 8.50 1.00 0.00 45.10 1020.30 10.97 7.70 66.00
2020 February 407289588.00 94183985.00 619158.00 1172166.00 3230723.00 506495620.00 448862.06 9261229.10 1295744.00 544220.34 59264.00 9473087.19 600630.90 5114662.00 4932056.00 182606.00 0.04 248.41 1.19 97859.00 48.20 0.17 0.10 0.00 16.70 0.00 0.00 38.00 1018.70 12.99 7.40 70.00
2020 January 391280710.00 89292355.00 568390.00 1582049.00 8535805.00 491259309.00 476536.50 8848593.05 1976176.01 578480.34 69763.00 10519961.03 600630.90 5110632.00 4925741.00 184891.00 0.04 248.01 1.19 93268.00 46.90 0.16 0.05 0.00 17.90 0.00 0.00 36.00 1021.70 9.72 6.00 68.00
2019 December 406769948.00 90816896.00 73541.00 999094.00 14001857.00 512661336.00 406135.00 9370934.75 1227100.52 537185.33 61518.00 9080073.92 601787.90 5103301.00 4917178.00 186123.00 0.04 247.29 1.18 103463.00 47.60 0.11 0.00 0.00 17.20 0.00 0.00 37.80 1019.20 11.06 5.40 71.00
2019 November 428994880.00 99869615.00 133488.00 2135093.00 2664889.00 533797965.00 393093.00 8993741.30 1488710.56 547075.65 54669.00 8452062.82 601787.90 5104251.00 4918613.00 185638.00 0.04 247.39 1.18 101101.00 48.10 0.11 0.05 0.00 16.60 0.00 0.00 37.10 1019.70 10.62 5.20 69.00
2019 October 413552547.00 93289774.00 36835.00 1441468.00 4914077.00 513234701.00 494033.21 10948225.19 1675176.30 677132.00 66725.00 10764389.98 601787.90 5104706.00 4918234.00 186472.00 0.04 247.42 1.18 103801.00 65.80 0.11 0.00 0.00 2.40 2.60 0.00 56.20 1017.70 10.43 5.10 75.00
2019 September 442614765.00 94733220.00 6977.00 382323.00 15819903.00 553557188.00 441417.00 10039519.70 1446568.22 564057.35 63794.00 9978547.99 595117.90 5100430.00 4910144.00 190286.00 0.04 246.89 1.18 99537.00 76.80 0.04 0.00 0.00 0.00 11.60 2.00 65.20 1018.30 9.66 5.50 72.00
2019 August 445146895.00 93667527.00 4247.00 1316488.00 3457768.00 543592925.00 492580.00 11709795.85 1737711.00 737087.70 76122.00 11186187.10 595117.90 5093224.00 4898132.00 195092.00 0.04 246.95 1.18 114659.00 78.40 0.14 0.00 0.00 0.00 12.80 0.00 68.10 1015.40 9.66 4.90 77.00
2019 July 425065544.00 92483162.00 7170.00 1261821.00 4252626.00 523070323.00 547301.07 11445417.45 2312106.98 550463.35 69781.00 11198634.82 595117.90 5084334.00 4884840.00 199494.00 0.04 247.25 1.18 109269.00 81.50 0.12 0.00 0.00 0.00 15.30 0.00 68.20 1016.10 9.90 5.60 70.00
2019 June 459549521.00 100142145.00 21359.00 333731.00 16880944.00 576927700.00 622863.00 9132893.19 1326054.70 633653.65 62093.00 9949463.15 588477.40 5074835.00 4872346.00 202489.00 0.04 246.52 1.18 104743.00 75.90 0.12 0.00 0.00 0.00 9.50 0.00 64.00 1015.00 9.74 6.40 71.00
2019 May 422367908.00 93021481.00 152881.00 2119678.00 4035751.00 521697699.00 714007.55 12868455.56 1800918.80 745824.01 67472.46 11265598.54 588477.40 5067558.00 4863356.00 204202.00 0.04 246.67 1.18 111772.00 73.50 0.10 0.05 0.00 0.50 8.40 0.00 61.30 1015.40 9.84 6.40 69.00
2019 April 416616505.00 96496467.00 302089.00 474719.00 3266087.00 517155867.00 487026.00 10675844.00 1670561.06 568252.02 68082.00 11229141.50 588477.40 5061879.00 4856683.00 205196.00 0.04 246.85 1.18 103156.00 61.80 0.21 0.00 0.00 4.70 1.30 0.00 50.20 1016.60 11.74 7.20 70.00
2019 March 366220572.00 78481904.00 434945.00 649993.00 12660393.00 458447807.00 539200.00 11487823.85 1865456.90 699243.99 67778.00 12009896.42 581020.20 5057506.00 4852162.00 205344.00 0.04 245.55 1.18 109845.00 49.20 0.10 0.00 0.00 15.60 0.00 0.00 34.00 1020.60 10.81 6.60 61.00
2019 February 399467870.00 73980306.00 876313.00 1675466.00 2102563.00 478102518.00 509244.40 9408021.45 1583841.40 666421.67 60398.00 9725525.83 581020.20 5052626.00 4847960.00 204666.00 0.04 243.86 1.17 89009.00 47.60 0.15 0.05 0.00 17.40 0.20 0.00 35.90 1021.40 16.23 5.90 70.00
2019 January 392986766.00 99020010.00 726080.00 1175368.00 6053372.00 499961596.00 581114.00 10138963.03 2225597.57 625951.00 74252.00 10519293.13 581020.20 5044457.00 4841346.00 203111.00 0.04 242.55 1.16 87114.00 42.10 0.11 0.00 0.00 22.70 0.00 0.00 30.10 1020.00 4715.14 6.00 66.00
2018 December 400527018.00 86593402.00 519428.00 324395.00 13865236.00 501829479.00 355350.00 9256604.55 1271994.70 491314.34 55528.00 8124047.45 576026.00 5031958.00 4831516.00 200442.00 0.04 242.15 1.16 100222.00 45.40 0.20 0.30 0.00 19.40 0.00 0.00 37.70 1019.60 11.81 5.40 77.00
2018 November 433596599.00 109664141.00 170981.00 895795.00 2818721.00 547146237.00 434732.00 8787634.60 1797351.91 543386.32 57613.00 9098701.60 576026.00 5017079.00 4819777.00 197302.00 0.04 243.48 1.17 94379.00 48.40 0.24 0.00 0.00 16.40 0.00 0.00 40.40 1019.20 12.63 5.80 77.00
2018 October 403095919.00 91210786.00 40880.00 1530028.00 5866340.00 501743953.00 570562.00 10891106.73 2327040.26 631052.97 66893.00 10495295.61 576026.00 5002802.00 4808352.00 194450.00 0.04 244.16 1.17 98046.00 62.00 0.15 0.00 0.00 6.70 3.60 1.00 54.50 1018.90 12.43 4.90 80.00
2018 September 424591126.00 93709815.00 9309.00 587092.00 11174563.00 530071905.00 454443.00 8384562.35 2019451.45 452181.31 51566.00 8353021.89 569085.40 4991872.00 4799281.00 192591.00 0.04 243.64 1.17 94975.00 76.90 0.27 0.00 0.00 0.00 10.90 1.00 70.10 1018.60 10.00 5.80 84.00
2018 August 419042276.00 87571673.00 2214.00 1638222.00 3647986.00 511902371.00 519267.00 11210843.24 2409113.94 648145.99 67180.00 11243012.40 569085.40 4985447.00 4793151.00 192296.00 0.04 243.61 1.17 107191.00 78.90 0.21 0.00 0.00 0.00 13.20 0.00 69.70 1017.90 9.85 5.20 78.00
2018 July 437802925.00 90416549.00 20330.00 1107376.00 3779713.00 533126893.00 0.00 . . . . 10640032.45 569085.40 4983233.00 4789518.00 193715.00 0.04 243.78 1.17 102680.00 79.60 0.16 0.00 0.00 0.00 13.90 1.00 68.20 1017.20 10.43 5.90 74.00
2018 June 424469360.00 91489655.00 66598.00 679938.00 16399083.00 533104634.00 466849.00 9803545.37 2330455.33 726337.98 66461.00 10190936.18 567963.70 4982889.00 4786558.00 196331.00 0.04 243.77 1.17 103701.00 78.30 0.07 0.00 0.00 0.00 12.90 0.00 69.40 1014.10 10.03 5.20 77.00
2018 May 405667101.00 93212598.00 275817.00 2372859.00 2830986.00 504359361.00 515002.50 10695545.95 2610568.00 616880.00 67685.00 11172338.88 567963.70 4981319.00 4782348.00 198971.00 0.04 243.28 1.17 107939.00 74.20 0.17 0.00 0.00 0.00 8.60 0.00 65.00 1017.50 9.56 7.20 78.00
2018 April 405541398.00 87735192.00 168366.00 303838.00 -425660.00 493323134.00 573286.50 10756440.50 2575209.58 671772.99 65439.00 11095647.48 567963.70 4977177.00 4775695.00 201482.00 0.04 242.49 1.16 98248.00 57.20 0.18 0.05 0.00 8.10 0.40 0.00 43.70 1016.40 9.58 8.20 63.00
2018 March 350083406.00 79011360.00 410006.00 514809.00 13134981.00 443154562.00 578267.40 10917644.95 2283216.68 597452.67 67148.00 11893060.95 556731.60 4969833.00 4766016.00 203817.00 0.04 241.60 1.16 108350.00 45.80 0.15 0.10 0.00 19.00 0.10 0.00 31.70 1016.10 9.07 7.40 62.00
2018 February 359604006.00 80896399.00 1295248.00 1194655.00 4253490.00 447243798.00 587234.00 10529742.90 2216725.00 581829.00 57518.00 9786290.82 556731.60 4961922.00 4756173.00 205749.00 0.04 241.12 1.15 88542.00 52.30 0.06 0.00 0.00 13.20 0.30 0.00 43.70 1024.70 8.50 7.30 76.00
2018 January 396003281.00 81882281.00 591113.00 938518.00 3953992.00 483369185.00 490203.00 8166738.55 2464902.97 552371.00 62761.00 9378196.37 556731.60 4957181.00 4749545.00 207636.00 0.04 239.77 1.15 87048.00 36.90 0.13 0.20 0.00 27.90 0.00 0.00 23.30 1025.00 9.34 5.70 61.00
2017 December 332652236.00 67136061.00 441257.00 277735.00 16228567.00 416735856.00 389043.00 8895684.10 1414006.12 549673.66 52913.00 8248284.14 551248.20 4956077.00 4746307.00 209770.00 0.04 238.51 1.14 98801.00 42.30 0.07 0.00 0.00 22.50 0.00 0.00 29.80 1020.50 9.21 5.10 65.00
2017 November 476873743.00 111638305.00 129987.00 1353532.00 3020673.00 593016240.00 400550.52 8956828.65 1972585.80 572416.98 55403.00 8891678.16 551248.20 4956898.00 4745105.00 211793.00 0.04 238.86 1.14 93524.00 49.90 0.04 0.00 0.00 14.90 0.00 0.00 39.80 1021.00 9.08 4.30 72.00
2017 October 397120466.00 86019021.00 52389.00 406821.00 3414426.00 487013123.00 485739.00 10360450.65 1930101.00 591923.01 62266.00 10051437.41 551248.20 4957257.00 4743871.00 213386.00 0.04 239.07 1.14 96179.00 64.20 0.14 0.00 0.00 4.10 2.30 0.00 54.90 1019.90 9.38 5.50 77.00
2017 September 423491245.00 91643592.00 4415.00 444483.00 14952364.00 530536099.00 465217.00 9705141.55 2000253.37 493221.33 59110.00 9717392.19 541827.70 4955417.00 4740683.00 214734.00 0.04 239.65 1.15 98778.00 71.90 0.08 0.00 0.00 0.20 6.20 2.00 62.00 1016.70 9.43 5.60 77.00
2017 August 412411138.00 84261025.00 4408.00 1022893.00 1125189.00 498824653.00 522205.20 11691632.30 2553365.10 629118.67 66072.00 11420402.51 541827.70 4950706.00 4735061.00 215645.00 0.04 237.89 1.14 103617.00 78.80 0.16 0.00 0.00 0.00 11.50 0.00 67.80 1016.80 9.49 5.80 74.00
2017 July 414030940.00 90457256.00 2525.00 555902.00 6882312.00 511928935.00 478192.00 9988054.30 2098007.63 525370.02 59633.00 10060677.12 541827.70 4943175.00 4726877.00 216298.00 0.04 236.94 1.13 101141.00 82.00 0.08 0.00 0.00 0.00 15.20 0.00 69.90 1015.90 9.82 6.10 72.00
2017 June 424440611.00 87117213.00 22152.00 360192.00 14583852.00 526524020.00 513000.00 10506993.15 2664310.00 712728.40 66179.00 10722213.97 536556.70 4934301.00 4716865.00 217436.00 0.04 237.35 1.14 101574.00 75.60 0.21 0.00 0.00 0.00 9.70 0.00 64.90 1015.80  6.10 73.00
2017 May 392950757.00 91596190.00 6428.00 1254584.00 1493773.00 487301732.00 508596.53 10844653.45 2097672.16 584356.99 68967.00 11112467.57 536556.70 4926285.00 4706367.00 219918.00 0.04 236.77 1.13 104569.00 69.40 0.18 0.00 0.00 1.50 4.30 0.00 58.40 1012.80 11.91 7.20 72.00
2017 April 405515896.00 92076062.00 372953.00 370989.00 4862308.00 503198208.00 492498.00 10241539.10 2075882.72 560701.68 61168.00 10146883.41 536556.70 4919929.00 4696347.00 223582.00 0.05 236.73 1.13 96332.00 66.50 0.29 0.00 0.00 2.50 2.90 0.00 52.20 1016.90 13.44 8.50 65.00
2017 March 350174259.00 77386740.00 247440.00 282255.00 14675586.00 442766280.00 608121.00 12824679.85 3085925.00 689975.02 68960.00 13309132.59 534530.30 4915480.00 4687202.00 228278.00 0.05 236.15 1.13 105183.00 52.00 0.10 0.00 0.00 13.40 0.30 0.00 33.00 1021.90 9.59 7.90 52.00
2017 February 362394993.00 77772159.00 797330.00 1259501.00 3052501.00 445276484.00 635989.50 10007810.15 1950400.00 628213.01 77702.00 9917508.88 534530.30 4912098.00 4678040.00 234058.00 0.05 236.05 1.13 88434.00 53.30 0.02 0.05 0.00 11.70 0.10 0.00 34.10 1016.90 7.67 6.30 52.00
2017 January 395564192.00 83548732.00 537077.00 449917.00 5347792.00 485447710.00 490811.00 10216023.20 1647979.88 505310.00 63601.00 9572115.81 534530.30 4908232.00 4668246.00 239986.00 0.05 235.49 1.13 84235.00 46.50 0.12 0.00 0.00 18.20 0.00 0.00 35.00 1017.90  6.60 68.00
2016 December 383522147.00 84248179.00 362867.00 301912.00 13762653.00 482197758.00 435207.00 9244970.70 1761916.10 507828.35 58168.00 8925844.52 530144.70 4903564.00 4658756.00 244808.00 0.05 234.20 1.12 99916.00 44.50 0.07 0.00 0.00 20.20 0.00 0.00 31.60 1022.70 7.63 5.20 64.00
2016 November 410593605.00 88875558.00 121912.00 1153871.00 3383460.00 504128406.00 455328.00 9205190.30 1758412.80 638909.69 58094.00 9070929.20 530144.70 4897719.00 4649715.00 248004.00 0.05 234.03 1.12 89366.00 52.80 0.02 0.00 0.00 12.40 0.40 0.00 39.90 1020.70 10.00 4.30 67.00
2016 October 384292728.00 84839989.00 88435.00 559649.00 4972769.00 474753570.00 442382.00 9570889.90 1997951.60 591247.67 57694.00 9482233.04 530144.70 4890145.00 4641160.00 248985.00 0.05 234.34 1.12 92033.00 64.40 0.23 0.00 0.00 2.70 1.80 1.00 54.60 1020.20 10.00 5.50 75.00
2016 September 426163076.00 90572049.00 39445.00 329763.00 12142487.00 529246820.00 488943.69 10878629.75 2180397.74 573878.65 64438.00 10214110.70 521293.00 4880584.00 4632733.00 247851.00 0.05 234.07 1.12 94749.00 76.40 0.15 0.00 0.00 0.00 11.30 2.00 66.60 1017.70 9.17 5.90 77.00
2016 August 407589820.00 83965505.00 4603.00 1155561.00 2378602.00 495094091.00 515913.25 12409682.65 2521406.09 645030.69 67481.00 11326102.92 521293.00 4869942.00 4624070.00 245872.00 0.05 233.56 1.12 103307.00 82.10 0.10 0.00 0.00 0.00 15.40 0.00 70.70 1017.90 10.00 5.40 73.00
2016 July 403736353.00 86731607.00 8496.00 588762.00 5807100.00 496872318.00 441317.21 12442501.50 2286743.30 652432.49 40727.00 9901005.04 521293.00 4859953.00 4615733.00 244220.00 0.05 233.29 1.12 98961.00 82.00 0.26 0.00 0.00 0.00 16.80 0.00 71.60 1016.20 9.57 5.30 75.00
2016 June 400319757.00 85789624.00 57006.00 284620.00 13091430.00 499542437.00 488951.89 10566923.51 2254672.66 655748.02 130322.00 10653590.35 516445.90 4851555.00 4608317.00 243238.00 0.05 233.84 1.12 97700.00 76.70 0.20 0.00 0.00 0.00 12.20 0.00 64.30 1015.30 10.00 5.30 69.00
2016 May 403202831.00 82351166.00 49386.00 944204.00 -956520.00 485591067.00 464251.00 10451905.85 2219423.00 578940.35 . 10221989.04 516445.90 4845206.00 4601914.00 243292.00 0.05 232.91 1.12 98082.00 67.50 0.20 0.05 0.00 1.70 4.00 1.00 57.90 1015.50 10.00 4.90 75.00
2016 April 394686038.00 87659833.00 92815.00 388630.00 759618.00 483586934.00 500967.00 13910272.35 2306776.24 634724.67 69612.00 10751093.89 516445.90 4840535.00 4595687.00 244848.00 0.05 231.98 1.11 96838.00 60.70 0.10 0.00 0.00 6.00 1.70 0.00 43.50 1018.00 10.00 8.00 57.00
2016 March 346258742.00 77223197.00 758412.00 319707.00 12540845.00 437100903.00 520735.80 13327628.10 2576780.50 468710.34 76371.00 12276611.88 513542.70 4836197.00 4588514.00 247683.00 0.05 230.98 1.11 100254.00 58.40 0.13 0.05 0.00 7.50 0.80 0.00 43.80 1017.90 8.33 7.20 62.00
2016 February 346085103.00 76339915.00 860230.00 1010713.00 3982014.00 428277975.00 501651.13 13093977.05 2267387.70 367956.00 65637.00 10492072.05 513542.70 4829889.00 4578941.00 250948.00 0.05 229.65 1.10 89308.00 43.80 0.16 0.00 0.00 20.90 0.00 0.00 30.40 1018.40 9.00 6.90 62.00
2016 January 385081726.00 78693547.00 463761.00 358613.00 3649337.00 468246984.00 393211.00 11027546.95 1820936.90 475587.65 51765.00 7815823.23 513542.70 4820427.00 4566317.00 254110.00 0.05 229.47 1.10 80100.00 39.30 0.06 0.00 0.00 25.50 0.00 0.00 26.50 1018.50 5.00 5.40 63.00
2015 December 374748682.00 79047076.00 377051.00 255772.00 11797455.00 466226036.00 351835.59 9854620.30 1742640.00 511885.01 69284.00 7032894.95 507471.30 4808514.00 4551337.00 257177.00 0.05 229.58 1.10 93138.00 56.10 0.20 0.00 0.00 9.50 0.50 0.00 49.10 1020.70 10.00 5.00 81.00
2015 November 371157971.00 85679703.00 172122.00 1158851.00 4448798.00 462617445.00 293606.46 10135169.60 1738873.82 456542.81 57788.00 6194075.89 507471.30 4795756.00 4535703.00 260053.00 0.05 230.42 1.10 84094.00 55.40 0.24 0.00 0.00 9.70 0.10 0.00 46.10 1022.90  4.00 75.00
2015 October 378464756.00 82833277.00 117001.00 321530.00 3999455.00 465736019.00 332431.00 9823687.15 1998293.98 590963.65 72586.00 7208354.75 507471.30 4785180.00 4521814.00 263366.00 0.06 230.86 1.11 90400.00 60.40 0.16 0.00 0.00 5.10 0.50 0.00 51.40 1018.50 10.00 5.90 77.00
2015 September 396550185.00 84703299.00 16997.00 260658.00 12644090.00 494175229.00 347197.00 9981320.60 1984093.93 556391.08 70779.00 7614336.64 506448.00 4779107.00 4511413.00 267694.00 0.06 230.91 1.11 90772.00 73.50 0.16 0.00 0.00 0.10 7.70 0.00 64.50 1017.00 9.00 5.20 78.00
2015 August 405018288.00 81697730.00 29387.00 854103.00 2700772.00 490300280.00 326320.79 9970759.35 2045227.60 513049.65 67448.00 7617387.24 506448.00 4776483.00 4504148.00 272335.00 0.06 231.26 1.11 97898.00 77.90 0.16 0.00 0.00 0.00 12.70 0.00 65.30 1015.90 10.00 4.20 69.00
2015 July 428057959.00 94422800.00 18509.00 364195.00 6105872.00 528969335.00 348791.00 11033429.91 2238190.00 621153.00 71431.00 8022335.37 506448.00 4774945.00 4498453.00 276492.00 0.06 231.72 1.11 97756.00 80.00 0.16 0.00 0.00 0.00 15.10 1.00 69.40 1014.30 7.67 5.30 73.00
2015 June 363877612.00 73225721.00 4951.00 174848.00 12751810.00 450034942.00 342824.00 11684638.05 2163571.30 539872.32 70051.00 8034098.28 502062.40 4772869.00 4493230.00 279639.00 0.06 232.03 1.11 94600.00 79.30 0.21 0.00 0.00 0.00 14.00 0.00 67.20 1015.50 9.33 5.80 71.00
2015 May 371247443.00 82724528.00 148664.00 941355.00 1474176.00 456536166.00 315335.00 9069789.21 2203342.50 587900.69 66537.00 7412151.29 502062.40 4768384.00 4487508.00 280876.00 0.06 230.89 1.11 97424.00 71.10 0.10 0.00 0.00 0.60 6.40 1.00 58.70 1021.00 9.00 5.90 68.00
2015 April 368661097.00 82562328.00 476281.00 278394.00 2091757.00 454069857.00 358280.00 8887972.35 2391662.10 526234.00 72347.00 7959389.34 502062.40 4760422.00 4480674.00 279748.00 0.06 229.96 1.10 93672.00 61.50 0.18 0.00 0.00 4.90 1.20 0.00 48.30 1016.40 10.00 6.40 66.00
2015 March 317140811.00 70072402.00 981402.00 379656.00 10057636.00 398631907.00 389331.54 12662035.35 2854150.70 603075.01 74932.00 8620323.43 495251.80 4750452.00 4473614.00 276838.00 0.06 229.34 1.10 96419.00 51.30 0.11 0.00 0.00 13.50 0.10 0.00 35.80 1020.90  6.20 61.00
2015 February 349586644.00 74023481.00 888920.00 555313.00 4330612.00 429384970.00 287321.60 9069797.95 2046875.90 319985.34 57710.00 6960815.09 495251.80 4740319.00 4466965.00 273354.00 0.06 227.94 1.09 79512.00 34.80 0.10 0.30 0.00 29.90 0.00 0.00 18.50 1020.00 4.13 6.60 55.00
2015 January 367900676.00 81652567.00 642673.00 245593.00 6165321.00 456606830.00 346901.75 10109874.90 2220858.58 489404.04 68225.00 6760896.35 495251.80 4731408.00 4460266.00 271142.00 0.06 226.86 1.09 78427.00 39.80 0.11 0.05 0.00 25.00 0.00 0.00 25.40 1021.80 3.25 4.90 60.00
2014 December 355526508.00 72983295.00 525017.00 221735.00 11925422.00 441181977.00 295048.00 10826656.45 2292483.20 476079.99 62395.00 6354626.10 484016.50 4725372.00 4452362.00 273010.00 0.06 228.45 1.09 86548.00 44.70 0.16 0.05 0.00 20.10 0.00 0.00 34.90 1021.70 7.00 4.40 71.00
2014 November 383880420.00 85721006.00 277517.00 262000.00 3651791.00 473792734.00 264707.00 7400057.41 2008190.48 418609.99 52463.00 5610332.26 484016.50 4720031.00 4443170.00 276861.00 0.06 229.85 1.10 78968.00 47.00 0.13 0.05 0.00 17.90 0.00 0.00 34.00 1020.20  5.30 64.00
2014 October 357521879.00 78689022.00 213984.00 586988.00 5821231.00 442833104.00 335354.70 10119099.10 2399421.30 599439.86 66829.00 7301371.30 484016.50 4714927.00 4432433.00 282494.00 0.06 231.13 1.11 84334.00 63.00 0.07 0.00 0.00 3.80 1.50 0.00 51.00 1015.40  5.10 69.00
2014 September 375287708.00 75574440.00 53439.00 195197.00 10651154.00 461761938.00 306482.00 7596237.65 2354260.00 454067.34 67699.00 7226790.75 480179.30 4708604.00 4420712.00 287892.00 0.06 231.76 1.11 83365.00 72.20 0.20 0.00 0.00 0.30 6.60 0.00 63.20 1018.70 7.00 5.00 77.00
2014 August 376608747.00 82736848.00 57637.00 240101.00 2864895.00 462508228.00 311660.00 7924489.85 2491095.40 553102.32 64660.00 7102754.14 480179.30 4702276.00 4409779.00 292497.00 0.06 231.61 1.11 92624.00 75.90 0.22 0.00 0.00 0.00 10.20 0.00 66.10 1016.40 3.00 4.10 75.00
2014 July 370126539.00 78309225.00 37604.00 408837.00 4846380.00 453728585.00 324098.65 9936286.95 2515023.29 480295.36 72076.00 7403770.84 480179.30 4697035.00 4400328.00 296707.00 0.06 232.01 1.11 91275.00 78.40 0.29 0.00 0.00 0.00 12.40 1.00 65.30 1016.40  5.70 68.00
2014 June 379081915.00 81742391.00 49780.00 167633.00 11351326.00 472393045.00 303776.00 13451484.49 2419185.00 478501.66 66692.00 7315276.03 472139.30 4692464.00 4392084.00 300380.00 0.06 232.27 1.11 86715.00 77.30 0.11 0.00 0.00 0.00 11.90 0.00 64.50 1015.90 10.00 4.90 68.00
2014 May 364864546.00 78370084.00 28600.00 193260.00 424317.00 443880807.00 316733.00 9764277.05 3495112.91 518893.34 67334.00 7491748.00 472139.30 4688207.00 4384962.00 303245.00 0.06 231.76 1.11 93239.00 69.80 0.13 0.00 0.00 0.90 5.70 0.00 56.10 1017.40  5.70 64.00
2014 April 355579792.00 77791926.00 471157.00 327240.00 4632870.00 438802985.00 344214.00 10464231.50 1398882.00 576640.64 65562.00 7518228.00 472139.30 4684752.00 4379091.00 305661.00 0.07 231.35 1.11 87959.00 60.20 0.17 0.00 0.00 5.60 0.70 0.00 43.90 1016.60 10.00 7.40 58.00
2014 March 310755436.00 66299822.00 735724.00 210574.00 10269020.00 388270576.00 325127.00 8434250.15 2731217.20 458355.34 64330.00 8105438.64 468705.80 4681233.00 4372743.00 308490.00 0.07 230.10 1.10 90488.00 46.00 0.16 0.00 0.00 18.80 0.00 0.00 30.50 1017.10 3.33 7.10 60.00
2014 February 330147618.00 69538467.00 1045429.00 220831.00 4548070.00 405500415.00 359667.50 6689687.35 2279538.69 535771.10 54158.00 6886432.66 468705.80 4678000.00 4365137.00 312863.00 0.07 228.66 1.10 74954.00 43.40 0.11 0.10 0.00 21.30 0.00 0.00 29.20 1018.10 7.59 6.00 62.00
2014 January 354535809.00 68799031.00 528229.00 309057.00 7632276.00 431804402.00 275790.00 8468050.80 2072130.40 362215.32 60434.00 6092376.85 468705.80 4676153.00 4357486.00 318667.00 0.07 227.67 1.09 70382.00 36.70 0.06 0.10 0.00 28.10 0.00 0.00 20.80 1019.10 9.34 6.00 56.00
2013 December 352821269.00 73059600.00 602952.00 170338.00 9436928.00 436091087.00 255610.00 7226117.85 1916546.53 411959.79 55006.00 5648228.11 464857.30 4679576.00 4354118.00 325458.00 0.07 227.08 1.09 78195.00 46.50 0.19 0.05 0.00 18.70 0.30 0.00 35.70 1021.60 8.60 5.10 70.00
2013 November 369660809.00 80479079.00 243243.00 268876.00 2875404.00 453527411.00 253340.00 7704763.55 1840480.59 463255.17 50311.00 5502025.75 464857.30 4681782.00 4348539.00 333243.00 0.07 226.81 1.09 75389.00 48.40 0.10 0.05 0.00 16.40 0.00 0.00 34.50 1023.90 9.28 4.90 63.00
2013 October 355682286.00 74159586.00 108516.00 249034.00 8355762.00 438555184.00 311237.75 10416532.05 2182770.06 515587.81 60835.00 6936407.80 464857.30 4685769.00 4343095.00 342674.00 0.07 227.42 1.09 78782.00 61.70 0.05 0.00 0.00 4.80 1.60 0.00 53.10 1018.40 9.11 4.40 76.00
2013 September 378625905.00 74050203.00 46616.00 143889.00 12151932.00 465018545.00 288190.00 8017488.61 1979783.20 477534.87 51316.00 6631432.31 457991.50 4690536.00 4337411.00 353125.00 0.08 227.88 1.09 75491.00 70.70 0.10 0.00 0.00 0.40 5.70 0.00 59.90 1017.10 9.50 4.20 73.00
2013 August 367623891.00 73795515.00 5769.00 250509.00 3991089.00 445666773.00 319598.50 7888844.99 2409043.77 442878.13 62797.00 7319849.20 457991.50 4693963.00 4330674.00 363289.00 0.08 227.84 1.09 88654.00 76.00 0.16 0.00 0.00 0.00 10.00 0.00 67.00 1017.80 9.20 4.60 78.00
2013 July 359136828.00 73025072.00 11818.00 190072.00 7253082.00 439616872.00 296197.50 11488032.65 13039969.03 484974.24 4612981.00 7245417.15 457991.50 4694477.00 4322873.00 371604.00 0.08 227.55 1.09 86006.00 79.10 0.11 0.00 0.00 0.00 12.90 0.00 69.80 1018.30 9.54 5.70 78.00
2013 June 376477532.00 77605465.00 21185.00 127727.00 10472739.00 464704648.00 264989.00 8310309.30 227331.61 459319.94 . 6567596.00 450066.30 4693545.00 4314695.00 378850.00 0.08 227.15 1.09 82571.00 75.80 0.34 0.00 0.00 0.00 10.00 0.00 65.90 1014.90 9.45 7.10 76.00
2013 May 359969332.00 79597772.00 115719.00 122234.00 579565.00 440384622.00 308572.00 9684359.25 251194.90 522957.91 . 7300523.18 450066.30 4693173.00 4306304.00 386869.00 0.08 226.29 1.08 86702.00 66.20 0.15 0.00 0.00 2.70 3.60 0.00 55.30 1018.50 9.43 6.60 71.00
2013 April 363768783.00 73325967.00 399329.00 198421.00 5882190.00 443574690.00 323864.50 9661789.20 249865.04 490819.40 . 7758175.50 450066.30 4694011.00 4298091.00 395920.00 0.08 226.20 1.08 81495.00 60.50 0.15 0.05 0.00 5.80 1.20 0.00 46.40 1019.80 9.42 6.80 63.00
2013 March 316704105.00 65957363.00 435159.00 126619.00 9985497.00 393208743.00 293858.50 9319332.20 267960.00 517791.38 . 7545375.00 448151.90 4696913.00 4291728.00 405185.00 0.09 226.63 1.09 83637.00 44.90 0.10 0.00 0.00 19.80 0.00 0.00 27.90 1015.90 9.25 6.00 55.00
2013 February 333641724.00 69530071.00 581851.00 107541.00 3681171.00 407542358.00 307024.00 9280048.95 217195.09 469244.78 . 7076846.17 448151.90 4702054.00 4288636.00 413418.00 0.09 225.87 1.08 73035.00 42.10 0.15 0.00 0.00 22.70 0.00 0.00 28.60 1017.40 8.81 5.70 62.00
2013 January 340391668.00 67223519.00 601749.00 369815.00 10821652.00 419408403.00 309903.00 11132713.00 227114.76 424664.39 . 6180237.00 448151.90 4706939.00 4287015.00 419924.00 0.09 223.93 1.07 69337.00 44.40 0.10 0.00 0.00 20.50 0.00 0.00 33.90 1022.70 8.01 5.00 71.00
2012 December 347048386.00 71314917.00 496353.00 117097.00 7894409.00 426871162.00 238286.45 7358082.65 220529.76 385655.77 . 5101677.90 441712.30 4719804.00 4295807.00 423997.00 0.09 223.11 1.07 74219.00 49.30 0.09 0.00 0.00 15.60 0.00 0.00 38.20 1018.00 9.40 5.90 69.00
2012 November 369421984.00 76632696.00 244775.00 112601.00 2216635.00 448628691.00 260471.46 8931081.10 182921.75 380779.40 . 5616899.20 441712.30 4716950.00 4289646.00 427304.00 0.09 223.40 1.07 69694.00 47.60 0.02 0.00 0.00 17.20 0.00 0.00 33.80 1022.20 9.69 4.60 63.00
2012 October 342965500.00 68916346.00 51168.00 197021.00 13520277.00 425650312.00 300009.50 9355171.65 230471.45 510629.18 . 6732022.75 441712.30 4709793.00 4280257.00 429536.00 0.09 224.50 1.08 72301.00 60.90 0.06 0.00 0.00 5.40 0.90 1.00 51.00 1015.20 9.28 5.10 74.00
2012 September 376713882.00 76489300.00 3918.00 79755.00 9106202.00 462393057.00 245889.50 8870824.65 208407.65 451336.73 . 6019702.19 442306.80 4699769.00 4268377.00 431392.00 0.09 225.05 1.08 71318.00 71.10 0.26 0.00 0.00 0.30 5.90 0.00 61.30 1017.80 9.30 4.30 75.00
2012 August 368339088.00 71262684.00 24917.00 135400.00 1832609.00 441594698.00 302381.00 10539694.90 5254480.60 490765.23 . 7199186.98 442306.80 4688766.00 4255583.00 433183.00 0.09 223.92 1.07 80728.00 78.20 0.13 0.00 0.00 0.00 11.70 0.00 68.50 1015.90 9.29 4.70 77.00
2012 July 360181453.00 72060232.00 4814.00 84721.00 12196550.00 444527770.00 276964.50 9100992.05 238164.85 487920.68 . 6464528.77 442306.80 4679032.00 4243930.00 435102.00 0.09 222.67 1.07 75239.00 83.50 0.15 0.00 0.00 0.00 16.50 0.00 69.70 1015.20 9.39 5.20 70.00
2012 June 374654866.00 76079047.00 24387.00 121362.00 6430631.00 457310293.00 280739.00 10098778.25 236841.00 438722.21 . 6579748.30 436567.40 4670723.00 4234462.00 436261.00 0.09 223.00 1.07 75954.00 74.60 0.10 0.00 0.00 0.00 9.40 0.00 60.50 1014.80 9.71 5.40 65.00
2012 May 354028420.00 71756631.00 29541.00 63296.00 1801904.00 427679792.00 293081.33 10463212.65 245966.05 445105.85 . 6839953.37 436567.40 4663979.00 4227719.00 436260.00 0.09 223.36 1.07 79796.00 72.00 0.13 0.00 0.00 0.30 6.40 0.00 61.00 1015.90 9.49 5.20 73.00
2012 April 366080323.00 70920278.00 98917.00 110717.00 5770567.00 442980802.00 273421.50 8901660.25 222227.94 472471.78 . 6677386.00 436567.40 4659384.00 4223431.00 435953.00 0.09 224.28 1.07 73491.00 59.80 0.09 0.00 0.00 6.40 1.10 0.00 46.30 1014.80 9.56 6.30 64.00
2012 March 331922544.00 67637589.00 339522.00 77307.00 4176995.00 404153957.00 312590.00 10080240.35 256877.50 444584.56 . 7886889.77 437572.20 4656332.00 4219648.00 436684.00 0.09 223.31 1.07 81157.00 60.40 0.17 0.00 0.00 5.90 0.90 0.00 48.00 1020.00 9.19 5.80 67.00
2012 February 324133596.00 69919115.00 655775.00 86847.00 4764248.00 399559581.00 302374.00 9649519.70 221178.98 514013.19 . 7543393.70 437572.20 4654035.00 4214099.00 439936.00 0.09 221.80 1.06 70329.00 46.90 0.07 0.00 0.00 17.80 0.00 0.00 34.30 1019.60 9.01 5.70 64.00
2012 January 368064620.00 72596984.00 580260.00 134846.00 3975566.00 445352276.00 285608.00 10207698.25 221281.29 410244.14 . 5957265.39 437572.20 4653376.00 4206727.00 446649.00 0.10 220.50 1.06 62268.00 45.70 0.06 0.00 0.00 19.00 0.00 0.00 31.50 1019.40 8.83 6.60 61.00
2011 December 350850993.00 74859638.00 391496.00 73061.00 8702761.00 434877949.00 267092.00 10151729.20 205372.53 432385.22 . 5435113.00 428639.90 4653712.00 4198153.00 455559.00 0.10 219.47 1.05 70984.00 48.50 0.07 0.00 0.00 16.30 0.00 0.00 36.60 1023.30 9.71 5.20 66.00
2011 November 365367924.00 80062006.00 339445.00 104051.00 3878626.00 449752052.00 273605.00 9478288.05 195304.12 452021.96 . 5473224.95 428639.90 4653103.00 4187931.00 465172.00 0.10 219.96 1.05 63968.00 54.80 0.11 0.00 0.00 10.60 0.10 0.00 42.30 1021.00 9.46 6.00 67.00
2011 October 348840841.00 74138636.00 122697.00 130549.00 14014330.00 437247053.00 270439.50 10036294.35 216031.20 442175.55 . 5872715.46 428639.90 4650085.00 4176228.00 473857.00 0.10 219.97 1.05 65913.00 59.20 0.11 0.00 0.00 6.40 0.30 0.00 47.20 1017.00 9.44 5.60 69.00
2011 September 382820666.00 80570975.00 19050.00 67697.00 7939390.00 471417778.00 291087.00 10599229.75 220885.94 439088.11 . 6210872.72 427113.00 4644899.00 4164506.00 480393.00 0.10 220.37 1.06 66956.00 73.50 0.18 0.00 0.00 0.50 7.10 0.00 63.10 1015.70 9.53 4.50 74.00
2011 August 374796823.00 70646382.00 24937.00 53895.00 2507247.00 448029284.00 282979.50 11255371.80 248767.42 613533.02 . 6749705.79 427113.00 4638876.00 4154816.00 484060.00 0.10 220.47 1.06 71295.00 79.70 0.28 0.00 0.00 0.00 14.40 1.00 66.00 1012.20 9.57 5.40 66.00
2011 July 374777307.00 78017483.00 15687.00 66949.00 14151819.00 467029245.00 267554.00 11200265.20 239419.95 577773.16 . 6074475.77 427113.00 4632545.00 4148330.00 484215.00 0.10 219.68 1.05 69178.00 83.70 0.18 0.00 0.00 0.00 16.30 0.00 67.00 1014.60 9.03 5.40 62.00
2011 June 372155300.00 76905635.00 24432.00 77182.00 1786821.00 450949370.00 291337.50 11288194.50 252388.44 461004.62 . 6669292.30 428885.50 4626858.00 4145399.00 481459.00 0.10 219.32 1.05 70201.00 80.40 0.04 0.00 0.00 0.00 13.20 0.00 62.60 1014.10 9.62 5.80 59.00
2011 May 357332488.00 73251300.00 6883.00 71504.00 4231958.00 434894133.00 285955.75 10750283.35 264611.05 451858.51 . 6436841.54 428885.50 4622639.00 4145350.00 477289.00 0.10 219.82 1.05 69277.00 70.10 0.13 0.00 0.00 0.90 4.90 0.00 57.60 1014.70 9.43 5.00 68.00
2011 April 360784269.00 77798620.00 130395.00 106301.00 9948385.00 448767970.00 288985.75 9716734.00 219702.45 444521.10 . 6415602.00 428885.50 4620259.00 4145987.00 474272.00 0.10 218.82 1.05 69542.00 63.60 0.09 0.00 0.00 3.90 2.10 0.00 48.10 1015.10 9.23 8.70 61.00
2011 March 337466366.00 64939973.00 592995.00 106149.00 1846352.00 404951835.00 340252.75 12569807.25 237956.45 523657.94 . 8168815.00 421639.00 4619330.00 4145282.00 474048.00 0.10 217.21 1.04 75168.00 51.40 0.11 0.05 0.00 13.70 0.30 0.00 37.00 1019.60 9.30 6.90 62.00
2011 February 334937585.00 67280634.00 1172842.00 131426.00 6163652.00 409686139.00 325341.00 10601105.80 219437.35 424166.47 . 7211181.32 421639.00 4618086.00 4142264.00 475822.00 0.10 214.74 1.03 62575.00 47.80 0.08 0.00 0.00 17.20 0.00 0.00 29.60 1019.00 9.42 7.00 55.00
2011 January 372240329.00 67452295.00 1652223.00 118778.00 10125044.00 451588669.00 304787.15 10763408.65 241850.95 409489.11 . 5622054.80 421639.00 4615841.00 4137620.00 478221.00 0.10 213.59 1.02 57881.00 37.70 0.04 0.00 0.00 27.10 0.00 0.00 24.50 1017.10 8.96 4.70 62.00
2010 December 361502034.00 68941033.00 669403.00 79689.00 1846706.00 433038865.00 258369.00 9437727.55 188836.45 457328.46 . 5043472.90 423279.40 4613405.00 4132989.00 480416.00 0.10 212.49 1.02 64512.00 34.90 0.08 0.30 0.00 29.80 0.00 0.00 20.80 1016.70 8.90 4.60 60.00
2010 November 378881349.00 75683857.00 340119.00 98854.00 3750510.00 458754689.00 256734.25 9626873.20 198138.05 445746.64 . 5388217.90 423279.40 4611258.00 4129762.00 481496.00 0.10 212.00 1.02 58830.00 51.70 0.05 0.00 0.00 13.10 0.00 0.00 38.00 1020.10 9.67 4.20 65.00
2010 October 358840188.00 83620885.00 73320.00 83364.00 7815886.00 450433643.00 272909.50 9721372.45 193340.38 429516.81 . 5841911.50 423279.40 4609416.00 4128264.00 481152.00 0.10 212.03 1.02 61386.00 63.40 0.07 0.00 0.00 3.50 1.20 0.00 48.70 1015.60 9.61 4.90 64.00
2010 September 403521020.00 75836500.00 46241.00 53077.00 3222781.00 482679619.00 281852.00 10552808.26 234158.10 461636.58 . 6373933.97 416021.80 4609741.00 4128946.00 480795.00 0.10 211.78 1.01 61654.00 77.30 0.22 0.00 0.00 0.00 9.90 2.00 59.00 1015.30 9.44 5.80 59.00
2010 August 391163590.00 75031659.00 39276.00 73528.00 6230994.00 472539047.00 285435.00 10802417.01 244803.02 432367.04 . 6528944.17 416021.80 4613366.00 4130990.00 482376.00 0.10 211.31 1.01 66074.00 81.10 0.10 0.00 0.00 0.00 14.90 1.00 68.80 1015.40 9.23 4.70 70.00
2010 July 384443451.00 78972223.00 58025.00 76453.00 5425672.00 468975824.00 278772.50 10951563.30 230112.81 452961.55 . 6327083.10 416021.80 4619653.00 4131890.00 487763.00 0.11 210.99 1.01 67006.00 82.30 0.09 0.00 0.00 0.00 16.10 0.00 66.90 1016.30 9.31 5.80 64.00
2010 June 385837493.00 76809806.00 23059.00 58247.00 4745498.00 467474103.00 302412.75 11114504.40 271258.35 467546.28 . 6590575.28 413754.60 4627292.00 4129971.00 497321.00 0.11 211.23 1.01 64700.00 81.50 0.07 0.00 0.00 0.00 15.00 0.00 67.70 1014.60 9.35 5.60 67.00
2010 May 371257162.00 77398288.00 26992.00 76594.00 3974860.00 452733896.00 262560.00 9769979.99 175886.37 471248.05 . 6051622.50 413754.60 4632515.00 4123402.00 509113.00 0.11 211.42 1.01 65243.00 71.90 0.16 0.00 0.00 0.80 6.90 0.00 58.80 1016.70 9.35 6.70 68.00
2010 April 372275289.00 78161187.00 544757.00 119796.00 4576470.00 455677499.00 321764.00 11062082.10 195543.48 474827.94 . 6698298.15 413754.60 4631285.00 4112003.00 519282.00 0.11 211.53 1.01 64368.00 63.00 0.05 0.00 0.00 4.10 1.70 0.00 45.80 1015.50 9.64 6.20 56.00
2010 March 324726066.00 66126994.00 1587220.00 126049.00 2953913.00 395520242.00 355165.50 11150314.50 215056.05 452041.82 . 7580477.20 409784.10 4622114.00 4097183.00 524931.00 0.11 211.22 1.01 67448.00 52.00 0.11 0.00 0.00 12.60 0.00 0.00 35.70 1012.20 9.33 5.90 58.00
2010 February 348157298.00 66344340.00 1725070.00 119402.00 6587611.00 422933721.00 303242.50 10864882.85 154146.04 393261.35 . 6397375.13 409784.10 4606035.00 4080476.00 525559.00 0.11 210.02 1.01 51822.00 37.60 0.09 0.10 0.00 27.30 0.00 0.00 23.30 1013.20 8.85 5.50 60.00
2010 January 358301971.00 68588600.00 1385647.00 156454.00 12537781.00 440970453.00 270270.80 10322174.35 151251.69 406268.94 . 5322122.87 409784.10 4585775.00 4064556.00 521219.00 0.11 210.06 1.01 49870.00 37.80 0.13 0.20 0.00 26.90 0.00 0.00 23.10 1018.00 9.11 5.70 59.00
2009 December 363237404.00 67305036.00 540056.00 90357.00 8467914.00 439640767.00 267311.00 10402174.35 127003.84 390481.82 . 5070594.15 416559.80 4566393.00 4053239.00 513154.00 0.11 209.48 1.00 55852.00 40.50 0.20 0.00 0.00 24.30 0.00 0.00 29.80 1019.50 8.21 5.00 69.00
2009 November 368891679.00 73837985.00 514063.00 132098.00 6781925.00 450157750.00 228613.59 9292182.00 126437.85 393878.13 . 4636369.00 416559.80 4553298.00 4049529.00 503769.00 0.11 209.74 1.00 50024.00 53.20 0.23 0.00 0.00 11.60 0.00 1.00 43.90 1018.50 8.23 5.40 76.00
2009 October 363042171.00 72256485.00 137805.00 65936.00 8383954.00 443886351.00 271026.00 9822535.80 151927.05 421846.66 . 5605739.31 416559.80 4548549.00 4052924.00 495625.00 0.11 209.29 1.00 54866.00 60.30 0.04 0.00 0.00 5.70 0.50 0.00 51.10 1017.30 9.01 5.20 75.00
2009 September 384426241.00 69945772.00 19778.00 93670.00 13524684.00 468010145.00 279623.75 10342433.50 156804.76 439643.93 . 6162674.60 409551.00 4550437.00 4060670.00 489767.00 0.11 208.91 1.00 52123.00 70.80 0.11 0.00 0.00 0.30 5.60 0.00 59.70 1018.00 9.14 4.90 73.00
2009 August 386532408.00 72962613.00 38710.00 97611.00 10479781.00 470111123.00 275486.00 11015381.49 168795.00 493710.60 . 6145633.21 409551.00 4555878.00 4069639.00 486239.00 0.11 209.00 1.00 66182.00 80.30 0.05 0.00 0.00 0.00 13.90 1.00 68.10 1016.90 9.06 4.80 72.00
2009 July 380200325.00 76671164.00 39314.00 90949.00 12694935.00 469696687.00 307336.50 11372273.89 169027.65 464149.92 . 6327142.20 409551.00 4563028.00 4078206.00 484822.00 0.11 208.82 1.00 62300.00 79.50 0.07 0.00 0.00 0.00 11.90 0.00 64.00 1014.80 9.18 5.90 64.00
