2009 August 6332083 -3708551 414436 -31850.5 29560.68 -181508.99 0 -7150 -8567 1417 0.181 3882 80.3 0 13.9                 
2009 September -2106167 -3016841 -2100978 4137.75 -54066.67 17041.39 0 -5441 -8969 3528 -0.088 -14059 70.8 0.3 5.6                 
2009 October -21384070 2310713 -24123794 -8597.75 -17797.27 -556935.29 7008.8 -1888 -7746 5858 0.38 2743 60.3 5.7 0.5                 
2009 November 5849508 1581500 6271399 -42412.41 -27968.53 -969370.31 0 4749 -3395 8144 0.446 -4842 53.2 11.6 0                 
2009 December -5654275 -6532949 -10516983 38697.41 -3396.31 434225.15 0 13095 3710 9385 -0.262 5828 40.5 24.3 0                 
2010 January -4935433 1283564 1329686 2959.8 15787.12 251528.72 -6775.7 19382 11317 8065 0.58 -5982 37.8 26.9 0                 
2010 February -10144673 -2244260 -18036732 32971.7 -13007.59 1075252.26 0 20260 15920 4340 -0.036 1952 37.6 27.3 0                 
2010 March -23431232 -217346 -27413479 51923 58780.47 1183102.07 0 16079 16707 -628 1.196 15626 52 12.6 0                 
2010 April 47549223 12034193 60157257 -33401.5 22786.12 -882179.05 3970.5 9171 14820 -5649 0.312 -3080 63 4.1 1.7                 
2010 May -1018127 -762899 -2943603 -59204 -3579.89 -646675.65 0 1230 11399 -10169 -0.105 875 71.9 0.8 6.9                 
2010 June 14580331 -588482 14740207 39852.75 -3701.77 538952.78 0 -5223 6569 -11792 -0.191 -543 81.5 0 15                 
2010 July -1394042 2162417 1501721 -23640.25 -14584.73 -263492.18 2267.2 -7639 1919 -9558 -0.244 2306 82.3 0 16.1                 
2010 August 6720139 -3940564 3563223 6662.5 -20594.51 201861.07 0 -6287 -900 -5387 0.32 -932 81.1 0 14.9                 
2010 September 12357430 804841 10140572 -3583 29269.54 -155010.2 0 -3625 -2044 -1581 0.467 -4420 77.3 0 9.9                 
2010 October -44680832 7784385 -32245976 -8942.5 -32119.77 -532022.47 7257.6 -325 -682 357 0.251 -268 63.4 3.5 1.2                 
2010 November 20041161 -7937028 8321046 -16175.25 16229.83 -453693.6 0 1842 1498 344 -0.03 -2556 51.7 13.1 0                 
2010 December -17379315 -6742824 -25715824 1634.75 11581.82 -344745 0 2147 3227 -1080 0.492 5682 34.9 29.8 0                 
2011 January 10738295 -1488738 18549804 46418.15 -47839.35 578581.9 -1640.4 2436 4631 -2195 1.101 -6631 37.7 27.1 0                 
2011 February -37302744 -171661 -41902530 20553.85 14677.36 1589126.52 0 2245 4644 -2399 1.146 4694 47.8 17.2 0                 
2011 March 2528781 -2340661 -4734304 14911.75 99491.47 957633.68 0 1244 3018 -1774 2.479 12593 51.4 13.7 0.3                 
2011 April 23317903 12858647 43816135 -51267 -79136.84 -1753213 7246.5 929 705 224 1.606 -5626 63.6 3.9 2.1                 
2011 May -3451781 -4547320 -13873837 -3030 7337.41 21239.54 0 2380 -637 3017 1 -265 70.1 0.9 4.9                 
2011 June 14822812 3654335 16055237 5381.75 9146.11 232450.76 0 4219 49 4170 -0.502 924 80.4 0 13.2                 
2011 July 2622007 1111848 16079875 -23783.5 116768.54 -594816.53 -1772.5 5687 2931 2756 0.364 -1023 83.7 0 16.3                 
2011 August 19516 -7371101 -18999961 15425.5 35759.86 675230.02 0 6331 6486 -155 0.789 2117 79.7 0 14.4                 
2011 September 8023843 9924593 23388494 8107.5 -174444.91 -538833.07 0 6023 9690 -3667 -0.1 -4339 73.5 0.5 7.1                 
2011 October -33979825 -6432339 -34170725 -20647.5 3087.44 -338157.26 1526.9 5186 11722 -6536 -0.402 -1043 59.2 6.4 0.3                 
2011 November 16527083 5923370 12504999 3165.5 9846.41 -399490.51 0 3018 11703 -8685 -0.008 -1945 54.8 10.6 0.1                 
2011 December -14516931 -5202368 -14874103 -6513 -19636.74 -38111.95 0 609 10222 -9613 -0.492 7016 48.5 16.3 0                 
2012 January 17213627 -2262654 10474327 18516 -22141.08 522152.39 8932.3 -336 8574 -8910 1.028 -8716 45.7 19 0                 
2012 February -43931024 -2677869 -45792695 16766 103769.05 1586128.31 0 659 7372 -6713 1.305 8061 46.9 17.8 0                 
2012 March 7788948 -2281526 4594376 10216 -69428.63 343496.07 0 2297 5549 -3252 1.512 10828 60.4 5.9 0.9                 
2012 April 34157779 3282689 38826845 -39168.5 27887.22 -1209503.77 -1004.8 3052 3783 -731 0.961 -7666 59.8 6.4 1.1                 
2012 May -12051903 836353 -15301010 19659.83 -27365.93 162567.37 0 4595 4288 307 -0.919 6305 72 0.3 6.4                 
2012 June 20626446 4322416 29630501 -12342.33 -6383.64 -260205.07 0 6744 6743 1 -0.352 -3842 74.6 0 9.4                 
2012 July -14473413 -4018815 -12782523 -3774.5 49198.47 -115219.53 5739.4 8309 9468 -1159 -0.337 -715 83.5 0 16.5                 
2012 August 8157635 -797548 -2933072 25416.5 2844.55 734658.21 0 9734 11653 -1919 1.252 5489 78.2 0 11.7                 
2012 September 8374794 5226616 20798359 -56491.5 -39428.5 -1179484.79 0 11003 12794 -1791 1.133 -9410 71.1 0.3 5.9                 
2012 October -33748382 -7572954 -36742745 54120 59292.45 712320.56 -594.5 10024 11880 -1856 -0.548 983 60.9 5.4 0.9                 
2012 November 26456484 7716350 22978379 -39538.04 -129849.78 -1115123.55 0 7157 9389 -2232 -1.1 -2607 47.6 17.2 0                 
2012 December -22373598 -5317779 -21757529 -22185.01 4876.37 -515221.3 0 2854 6161 -3307 -0.295 4525 49.3 15.6 0                 
2013 January -6656718 -4091398 -7462759 71616.55 39008.62 1078559.1 6439.6 -12865 -8792 -4073 0.824 -4882 44.4 20.5 0                 
2013 February -6749944 2306552 -11866045 -2879 44580.39 896609.17 0 -4885 1621 -6506 1.941 3698 42.1 22.7 0                 
2013 March -16937619 -3572708 -14333615 -13165.5 48546.6 468528.83 0 -5141 3092 -8233 0.754 10602 44.9 19.8 0                 
2013 April 47064678 7368604 50365947 30006 -26971.98 212800.5 1914.4 -2902 6363 -9265 -0.426 -2142 60.5 5.8 1.2                 
2013 May -3799451 6271805 -3190068 -15292.5 32138.51 -457652.32 0 -838 8213 -9051 0.087 5207 66.2 2.7 3.6                 
2013 June 16508200 -1992307 24320026 -43583 -63637.97 -732927.18 0 372 8391 -8019 0.859 -4131 75.8 0 10                 
2013 July -17340704 -4580393 -25087776 31208.5 25654.3 5290802.15 7925.2 932 8178 -7246 0.4 3435 79.1 0 12.9                 
2013 August 8487063 770443 6049901 23401 -42096.11 -4475751.95 0 -514 7801 -8315 0.289 2648 76 0 10                 
2013 September 11002014 254688 19351772 -31408.5 34656.74 -699897.89 0 -3427 6737 -10164 0.039 -13163 70.7 0.4 5.7                 
2013 October -22943619 109383 -26463361 23047.75 38052.94 314494.49 6865.8 -4767 5684 -10451 -0.456 3291 61.7 4.8 1.6                 
2013 November 13978523 6319493 14972227 -57897.75 -52332.64 -1444906.05 0 -3987 5444 -9431 -0.609 -3393 48.4 16.4 0                 
2013 December -16839540 -7419479 -17436324 2270 -51295.38 150897.36 0 -2206 5579 -7785 0.271 2806 46.5 18.7 0.3                 
2014 January 1714540 -4260569 -4286685 20180 -49744.47 449576.74 3848.5 -3423 3368 -6791 0.591 -7813 36.7 28.1 0                 
2014 February -24388191 739436 -26303987 83877.5 173555.78 787779.81 0 1847 7651 -5804 0.991 4572 43.4 21.3 0                 
2014 March -19392182 -3238645 -17229839 -34540.5 -77415.76 1229177.98 0 3233 7606 -4373 1.431 15534 46 18.8 0                 
2014 April 44824356 11492104 50532409 19087 118285.3 -585978.64 3433.5 3519 6348 -2829 1.251 -2529 60.2 5.6 0.7                 
2014 May 9284754 578158 5077822 -27481 -57747.3 -24708 0 3455 5871 -2416 0.416 5280 69.8 0.9 5.7                 
2014 June 14217369 3372307 28512238 -12957 -40391.68 -177113.97 0 4257 7122 -2865 0.507 -6524 77.3 0 11.9                 
2014 July -8955376 -3433166 -18664460 20322.65 1793.7 93878.81 8040 4571 8244 -3673 -0.256 4560 78.4 0 12.4                 
2014 August 6482208 4427623 8779643 -12438.65 72806.96 -308432.7 0 5241 9451 -4210 -0.402 1349 75.9 0 10.2                 
2014 September -1321039 -7162408 -746290 -5178 -99034.98 127075.61 0 6328 10933 -4605 0.151 -9259 72.2 0.3 6.6                 
2014 October -17765829 3114582 -18928834 28872.7 145372.52 73710.55 3837.2 6323 11721 -5398 -0.631 969 63 3.8 1.5                 
2014 November 26358541 7031984 30959630 -70647.7 -180829.87 -1705405.04 0 5104 10737 -5633 -1.286 -5366 47 17.9 0                 
2014 December -28353912 -12737711 -32610757 30341 57470 754225.84 0 5341 9192 -3851 -1.394 7580 44.7 20.1 0                 
2015 January 12374168 8669272 15424853 51853.75 13324.05 412100.25 11235.3 6036 7904 -1868 -1.596 -8121 39.8 25 0                 
2015 February -18314032 -7629086 -27221860 -59580.15 -169418.7 189403.74 0 8911 6699 2212 1.089 1085 34.8 29.9 0                 
2015 March -32445833 -3951079 -30753063 102009.94 283089.67 1676730.34 0 10133 6649 3484 1.393 16907 51.3 13.5 0.1                 
2015 April 51520286 12489926 55437950 -31051.54 -76841.01 -663519.09 6810.6 9970 7060 2910 0.62 -2747 61.5 4.9 1.2                 
2015 May 2586346 162200 2466309 -42945 61666.69 -553048.05 0 7962 6834 1128 0.929 3752 71.1 0.6 6.4                 
2015 June -7369831 -9498807 -6501224 27489 -48028.37 625460.99 0 4485 5722 -1237 1.14 -2824 79.3 0 14                 
2015 July 64180347 21197079 78934393 5967 81280.68 -10382.91 4385.6 2076 5223 -3147 -0.307 3156 80 0 15.1                 
2015 August -23039671 -12725070 -38669055 -22470.21 -108103.35 -408931.13 0 1538 5695 -4157 -0.459 142 77.9 0 12.7                 
2015 September -8468103 3005569 3874949 20876.21 43341.43 280.4 0 2624 7265 -4641 -0.347 -7126 73.5 0.1 7.7                 
2015 October -18085429 -1870022 -28439210 -14766 34572.57 -404174.89 1023.3 6073 10401 -4328 -0.053 -372 60.4 5.1 0.5                 
2015 November -7306785 2846426 -3118574 -38824.54 -134420.84 -1029076.86 0 10576 13889 -3313 -0.438 -6306 55.4 9.7 0.1                 
2015 December 3590711 -6632627 3608591 58229.13 55342.2 850315.06 0 12758 15634 -2876 -0.841 9044 56.1 9.5 0.5                 
2016 January 10333044 -353529 2020948 41375.41 -36297.36 765409.28 6071.4 11913 14980 -3067 -0.112 -13038 39.3 25.5 0                 
2016 February -38996623 -2353632 -39969009 108440.13 -107631.65 2690120.82 0 9462 12624 -3162 0.177 9208 43.8 20.9 0                 
2016 March 173639 883282 8822928 19084.67 100754.34 1795273.83 0 6308 9573 -3265 1.331 10946 58.4 7.5 0.8                 
2016 April 48427296 10436636 46486031 -19768.8 166014.33 -1532276.99 2903.2 4338 7173 -2835 0.998 -3416 60.7 6 1.7                 
2016 May 8516793 -5308667 2004133 -36716 -55784.32 -598716.85 0 4671 6227 -1556 0.931 1244 67.5 1.7 4                 
2016 June -2883074 3438458 13951370 24700.89 76807.67 561923.31 0 6349 6403 -54 0.932 -382 76.7 0 12.2                 
2016 July 3416596 941983 -2670119 -47634.68 -3315.53 -842180.31 4847.1 8398 7416 982 -0.546 1261 82 0 16.8                 
2016 August 3853467 -2766102 -1778227 74596.04 -7401.8 1451851.88 0 9989 8337 1652 0.269 4346 82.1 0 15.4                 
2016 September 18573256 6606544 34152729 -26969.56 -71152.04 -1115035.22 0 10642 8663 1979 0.508 -8558 76.4 0 11.3                 
2016 October -41870348 -5732060 -54493250 -46561.69 17369.02 -738621.66 8851.7 9561 8427 1134 0.268 -2716 64.4 2.7 1.8                 
2016 November 26300877 4035569 29374836 12946 47662.02 -410903.84 0 7574 8555 -981 -0.308 -2667 52.8 12.4 0.4                 
2016 December -27071458 -4627379 -21930648 -20121 -131081.34 -145010.68 0 5845 9041 -3196 0.175 10550 44.5 20.2 0                 
2017 January 12042045 -699447 3249952 55604 -2518.35 651704.29 4385.6 4668 9490 -4822 1.288 -15681 46.5 18.2 0                 
2017 February -33169199 -5776573 -40171226 145178.5 122903.01 359494.07 0 3866 9794 -5928 0.56 4199 53.3 11.7 0.1                 
2017 March -12220734 -385419 -2510204 -27868.5 61762.01 3382881.71 0 3382 9162 -5780 0.102 16749 52 13.4 0.3                 
2017 April 55341637 14689322 60431928 -115623 -129273.34 -3170041.18 2026.4 4449 9145 -4696 0.574 -8851 66.5 2.5 2.9                 
2017 May -12565139 -479872 -15896476 16098.53 23655.31 973383.16 0 6356 10020 -3664 0.046 8237 69.4 1.5 4.3                 
2017 June 31489854 -4478977 39222288 4403.47 128371.41 -393041.6 0 8016 10498 -2482 0.572 -2995 75.6 0 9.7                 
2017 July -10409671 3340043 -14595085 -34808 -187358.38 -668082.85 5271 8874 10012 -1138 -0.404 -433 82 0 15.2                 
2017 August -1619802 -6196231 -13104282 44013.2 103748.65 1366164.39 0 7531 8184 -653 0.95 2476 78.8 0 11.5                 
2017 September 11080107 7382567 31711446 -56988.2 -135897.34 -1709972.32 0 4711 5622 -911 1.757 -4839 71.9 0.2 6.2                 
2017 October -26370779 -5624571 -43522976 20522 98701.68 337201.22 9420.5 1840 3188 -1348 -0.582 -2599 64.2 4.1 2.3                 
2017 November 79753277 25619284 106003117 -85188.48 -19506.03 -1166622.25 0 -359 1234 -1593 -0.206 -2655 49.9 14.9 0                 
2017 December -144221507 -44502244 -176280384 -11507.52 -22743.32 -645884.02 0 -821 1202 -2023 -0.349 5277 42.3 22.5 0                 
2018 January 63351045 14746220 66633329 101160 2697.34 1139760.23 5483.4 1104 3238 -2134 1.26 -11753 36.9 27.9 0                 
2018 February -36399275 -985882 -36125387 97031 29458 402851.45 0 4741 6628 -1887 1.351 1494 52.3 13.2 0.3                 
2018 March -9520600 -1885039 -4089236 -8966.6 15623.67 2116400.13 0 7911 9843 -1932 0.472 19808 45.8 19 0.1                 
2018 April 55457992 8723832 50168572 -4980.9 74320.32 -799122.47 11232.1 7344 9679 -2335 0.891 -10102 57.2 8.1 0.4                 
2018 May 125703 5477406 11036227 -58284 -54892.99 78937.4 0 4142 6653 -2511 0.793 9691 74.2 0 8.6                 
2018 June 18802259 -1722943 28745273 -48153.5 109457.98 -982626.7 0 1570 4210 -2640 0.491 -4238 78.3 0 12.9                 
2018 July 13333565 -1073106 22259 -466849 #VALUE! 382635.27 1121.7 344 2960 -2616 0.006 -1021 79.6 0 13.9                 
2018 August -18760649 -2844876 -21224522 519267 #VALUE! 670159.95 0 2214 3633 -1419 -0.171 4511 78.9 0 13.2                 
2018 September 5548850 6138142 18169534 -64824 -195964.68 -2905604.51 0 6425 6130 295 0.035 -12216 76.9 0 10.9                 
2018 October -21495207 -2499029 -28327952 116119 178871.66 2157600.72 6940.6 10930 9071 1859 0.523 3071 62 6.7 3.6                 
2018 November 30500680 18453355 45402284 -135830 -87666.65 -1405874.01 0 14277 11425 2852 -0.679 -3667 48.4 16.4 0                 
2018 December -33069581 -23070739 -45316758 -79382 -52071.98 -976739.15 0 14879 11739 3140 -1.334 5843 45.4 19.4 0                 
2019 January -7540252 12426608 -1867883 225764 134636.66 2413969.68 4994.2 12499 9830 2669 0.397 -13108 42.1 22.7 0                 
2019 February 6481104 -25039704 -21859078 -71869.6 40470.67 -807621.3 0 8169 6614 1555 1.309 1895 47.6 17.4 0.2                 
2019 March -33247298 4501598 -19654711 29955.6 32822.32 2291750.59 0 4880 4202 678 1.698 20836 49.2 15.6 0                 
2019 April 50395933 18014563 58708060 -52174 -130991.97 -780450.92 7457.2 4373 4521 -148 1.293 -6689 61.8 4.7 1.3                 
2019 May 5751403 -3474986 4541832 226981.55 177571.99 35847.5 0 5679 6673 -994 -0.18 8616 73.5 0.5 8.4                 
2019 June 37181613 7120664 55230001 -91144.55 -112170.36 -1321514.85 0 7277 8990 -1713 -0.152 -7029 75.9 0 9.5                 
2019 July -34483977 -7658983 -53857377 -75561.93 -83190.3 1256859.67 6640.5 9499 12494 -2995 0.735 4526 81.5 0 15.3                 
2019 August 20081351 1184365 20522602 -54721.07 186624.35 -6106.72 0 8890 13292 -4402 -0.297 5390 78.4 0 12.8                 
2019 September -2532130 1065693 9964263 -51163 -173030.35 -1219967.11 0 7206 12012 -4806 -0.062 -15122 76.8 0 11.6                 
2019 October -29062218 -1443446 -40322487 52616.21 113074.65 788772.99 6670 4276 8090 -3814 0.532 4264 65.8 2.4 2.6                 
2019 November 15442333 6579841 20563264 -100940.21 -130056.35 -2324383.16 0 -455 379 -834 -0.038 -2700 48.1 16.6 0                 
2019 December -22224932 -9052719 -21136629 13042 -9890.32 634860.1 0 -950 -1435 485 -0.096 2362 47.6 17.2 0                 
2020 January -15489238 -1524541 -21402027 70401.5 41295.01 1448132.11 -1157 7331 8563 -1232 0.716 -10195 46.9 17.9 0                 
2020 February 16008878 4891630 15236311 -27674.44 -34260 -1057372.84 0 4030 6315 -2285 0.407 4591 48.2 16.7 0                 
2020 March -36864857 -9288003 -39287683 117432.57 108050.98 1381217.54 0 -143422 -176516 33094 -0.276 -15182 57.9 8.5 1                 
2020 April -45490872 -8913044 -61859124 -113070.63 -98049.66 -3762932.15 -53855.2 -283314 -673306 389992 -1.882 -12744 59.4 6.4 0.6                 
2020 May -106519445 -6511659 -111483653 -25010 23587.34 2434989.79 0 128309 118489 9820 -0.558 38334 65.3 3.5 3                 
2020 June 66967663 2845649 75538484 52032 14630.35 1323095.81 0 -29001 229411 -258412 1.527 7030 76 0.2 9.7                 
                                 
