2009 July 380200325 76671164 469696687 307336.5 464149.92 6327142.2 409551 4563028 4078206 484822 208.819 62300 79.5 0 11.9                 
2009 August 386532408 72962613 470111123 275486 493710.6 6145633.21 409551 4555878 4069639 486239 209 66182 80.3 0 13.9                 
2009 September 384426241 69945772 468010145 279623.75 439643.93 6162674.6 409551 4550437 4060670 489767 208.912 52123 70.8 0.3 5.6                 
2009 October 363042171 72256485 443886351 271026 421846.66 5605739.31 416559.8 4548549 4052924 495625 209.292 54866 60.3 5.7 0.5                 
2009 November 368891679 73837985 450157750 228613.59 393878.13 4636369 416559.8 4553298 4049529 503769 209.738 50024 53.2 11.6 0                 
2009 December 363237404 67305036 439640767 267311 390481.82 5070594.15 416559.8 4566393 4053239 513154 209.476 55852 40.5 24.3 0                 
2010 January 358301971 68588600 440970453 270270.8 406268.94 5322122.87 409784.1 4585775 4064556 521219 210.056 49870 37.8 26.9 0                 
2010 February 348157298 66344340 422933721 303242.5 393261.35 6397375.13 409784.1 4606035 4080476 525559 210.02 51822 37.6 27.3 0                 
2010 March 324726066 66126994 395520242 355165.5 452041.82 7580477.2 409784.1 4622114 4097183 524931 211.216 67448 52 12.6 0                 
2010 April 372275289 78161187 455677499 321764 474827.94 6698298.15 413754.6 4631285 4112003 519282 211.528 64368 63 4.1 1.7                 
2010 May 371257162 77398288 452733896 262560 471248.05 6051622.5 413754.6 4632515 4123402 509113 211.423 65243 71.9 0.8 6.9                 
2010 June 385837493 76809806 467474103 302412.75 467546.28 6590575.28 413754.6 4627292 4129971 497321 211.232 64700 81.5 0 15                 
2010 July 384443451 78972223 468975824 278772.5 452961.55 6327083.1 416021.8 4619653 4131890 487763 210.988 67006 82.3 0 16.1                 
2010 August 391163590 75031659 472539047 285435 432367.04 6528944.17 416021.8 4613366 4130990 482376 211.308 66074 81.1 0 14.9                 
2010 September 403521020 75836500 482679619 281852 461636.58 6373933.97 416021.8 4609741 4128946 480795 211.775 61654 77.3 0 9.9                 
2010 October 358840188 83620885 450433643 272909.5 429516.81 5841911.5 423279.4 4609416 4128264 481152 212.026 61386 63.4 3.5 1.2                 
2010 November 378881349 75683857 458754689 256734.25 445746.64 5388217.9 423279.4 4611258 4129762 481496 211.996 58830 51.7 13.1 0                 
2010 December 361502034 68941033 433038865 258369 457328.46 5043472.9 423279.4 4613405 4132989 480416 212.488 64512 34.9 29.8 0                 
2011 January 372240329 67452295 451588669 304787.15 409489.11 5622054.8 421639 4615841 4137620 478221 213.589 57881 37.7 27.1 0                 
2011 February 334937585 67280634 409686139 325341 424166.47 7211181.32 421639 4618086 4142264 475822 214.735 62575 47.8 17.2 0                 
2011 March 337466366 64939973 404951835 340252.75 523657.94 8168815 421639 4619330 4145282 474048 217.214 75168 51.4 13.7 0.3                 
2011 April 360784269 77798620 448767970 288985.75 444521.1 6415602 428885.5 4620259 4145987 474272 218.82 69542 63.6 3.9 2.1                 
2011 May 357332488 73251300 434894133 285955.75 451858.51 6436841.54 428885.5 4622639 4145350 477289 219.82 69277 70.1 0.9 4.9                 
2011 June 372155300 76905635 450949370 291337.5 461004.62 6669292.3 428885.5 4626858 4145399 481459 219.318 70201 80.4 0 13.2                 
2011 July 374777307 78017483 467029245 267554 577773.16 6074475.77 427113 4632545 4148330 484215 219.682 69178 83.7 0 16.3                 
2011 August 374796823 70646382 448029284 282979.5 613533.02 6749705.79 427113 4638876 4154816 484060 220.471 71295 79.7 0 14.4                 
2011 September 382820666 80570975 471417778 291087 439088.11 6210872.72 427113 4644899 4164506 480393 220.371 66956 73.5 0.5 7.1                 
2011 October 348840841 74138636 437247053 270439.5 442175.55 5872715.46 428639.9 4650085 4176228 473857 219.969 65913 59.2 6.4 0.3                 
2011 November 365367924 80062006 449752052 273605 452021.96 5473224.95 428639.9 4653103 4187931 465172 219.961 63968 54.8 10.6 0.1                 
2011 December 350850993 74859638 434877949 267092 432385.22 5435113 428639.9 4653712 4198153 455559 219.469 70984 48.5 16.3 0                 
2012 January 368064620 72596984 445352276 285608 410244.14 5957265.39 437572.2 4653376 4206727 446649 220.497 62268 45.7 19 0                 
2012 February 324133596 69919115 399559581 302374 514013.19 7543393.7 437572.2 4654035 4214099 439936 221.802 70329 46.9 17.8 0                 
2012 March 331922544 67637589 404153957 312590 444584.56 7886889.77 437572.2 4656332 4219648 436684 223.314 81157 60.4 5.9 0.9                 
2012 April 366080323 70920278 442980802 273421.5 472471.78 6677386 436567.4 4659384 4223431 435953 224.275 73491 59.8 6.4 1.1                 
2012 May 354028420 71756631 427679792 293081.33 445105.85 6839953.37 436567.4 4663979 4227719 436260 223.356 79796 72 0.3 6.4                 
2012 June 374654866 76079047 457310293 280739 438722.21 6579748.3 436567.4 4670723 4234462 436261 223.004 75954 74.6 0 9.4                 
2012 July 360181453 72060232 444527770 276964.5 487920.68 6464528.77 442306.8 4679032 4243930 435102 222.667 75239 83.5 0 16.5                 
2012 August 368339088 71262684 441594698 302381 490765.23 7199186.98 442306.8 4688766 4255583 433183 223.919 80728 78.2 0 11.7                 
2012 September 376713882 76489300 462393057 245889.5 451336.73 6019702.19 442306.8 4699769 4268377 431392 225.052 71318 71.1 0.3 5.9                 
2012 October 342965500 68916346 425650312 300009.5 510629.18 6732022.75 441712.3 4709793 4280257 429536 224.504 72301 60.9 5.4 0.9                 
2012 November 369421984 76632696 448628691 260471.46 380779.4 5616899.2 441712.3 4716950 4289646 427304 223.404 69694 47.6 17.2 0                 
2012 December 347048386 71314917 426871162 238286.45 385655.77 5101677.9 441712.3 4719804 4295807 423997 223.109 74219 49.3 15.6 0                 
2013 January 340391668 67223519 419408403 309903 424664.39 6180237 448151.9 4706939 4287015 419924 223.933 69337 44.4 20.5 0                 
2013 February 333641724 69530071 407542358 307024 469244.78 7076846.17 448151.9 4702054 4288636 413418 225.874 73035 42.1 22.7 0                 
2013 March 316704105 65957363 393208743 293858.5 517791.38 7545375 448151.9 4696913 4291728 405185 226.628 83637 44.9 19.8 0                 
2013 April 363768783 73325967 443574690 323864.5 490819.4 7758175.5 450066.3 4694011 4298091 395920 226.202 81495 60.5 5.8 1.2                 
2013 May 359969332 79597772 440384622 308572 522957.91 7300523.18 450066.3 4693173 4306304 386869 226.289 86702 66.2 2.7 3.6                 
2013 June 376477532 77605465 464704648 264989 459319.94 6567596 450066.3 4693545 4314695 378850 227.148 82571 75.8 0 10                 
2013 July 359136828 73025072 439616872 296197.5 484974.24 11858398.15 457991.5 4694477 4322873 371604 227.548 86006 79.1 0 12.9                 
2013 August 367623891 73795515 445666773 319598.5 442878.13 7382646.2 457991.5 4693963 4330674 363289 227.837 88654 76 0 10                 
2013 September 378625905 74050203 465018545 288190 477534.87 6682748.31 457991.5 4690536 4337411 353125 227.876 75491 70.7 0.4 5.7                 
2013 October 355682286 74159586 438555184 311237.75 515587.81 6997242.8 464857.3 4685769 4343095 342674 227.42 78782 61.7 4.8 1.6                 
2013 November 369660809 80479079 453527411 253340 463255.17 5552336.75 464857.3 4681782 4348539 333243 226.811 75389 48.4 16.4 0                 
2013 December 352821269 73059600 436091087 255610 411959.79 5703234.11 464857.3 4679576 4354118 325458 227.082 78195 46.5 18.7 0.3                 
2014 January 354535809 68799031 431804402 275790 362215.32 6152810.85 468705.8 4676153 4357486 318667 227.673 70382 36.7 28.1 0                 
2014 February 330147618 69538467 405500415 359667.5 535771.1 6940590.66 468705.8 4678000 4365137 312863 228.664 74954 43.4 21.3 0                 
2014 March 310755436 66299822 388270576 325127 458355.34 8169768.64 468705.8 4681233 4372743 308490 230.095 90488 46 18.8 0                 
2014 April 355579792 77791926 438802985 344214 576640.64 7583790 472139.3 4684752 4379091 305661 231.346 87959 60.2 5.6 0.7                 
2014 May 364864546 78370084 443880807 316733 518893.34 7559082 472139.3 4688207 4384962 303245 231.762 93239 69.8 0.9 5.7                 
2014 June 379081915 81742391 472393045 303776 478501.66 7381968.03 472139.3 4692464 4392084 300380 232.269 86715 77.3 0 11.9                 
2014 July 370126539 78309225 453728585 324098.65 480295.36 7475846.84 480179.3 4697035 4400328 296707 232.013 91275 78.4 0 12.4                 
2014 August 376608747 82736848 462508228 311660 553102.32 7167414.14 480179.3 4702276 4409779 292497 231.611 92624 75.9 0 10.2                 
2014 September 375287708 75574440 461761938 306482 454067.34 7294489.75 480179.3 4708604 4420712 287892 231.762 83365 72.2 0.3 6.6                 
2014 October 357521879 78689022 442833104 335354.7 599439.86 7368200.3 484016.5 4714927 4432433 282494 231.131 84334 63 3.8 1.5                 
2014 November 383880420 85721006 473792734 264707 418609.99 5662795.26 484016.5 4720031 4443170 276861 229.845 78968 47 17.9 0                 
2014 December 355526508 72983295 441181977 295048 476079.99 6417021.1 484016.5 4725372 4452362 273010 228.451 86548 44.7 20.1 0                 
2015 January 367900676 81652567 456606830 346901.75 489404.04 6829121.35 495251.8 4731408 4460266 271142 226.855 78427 39.8 25 0                 
2015 February 349586644 74023481 429384970 287321.6 319985.34 7018525.09 495251.8 4740319 4466965 273354 227.944 79512 34.8 29.9 0                 
2015 March 317140811 70072402 398631907 389331.54 603075.01 8695255.43 495251.8 4750452 4473614 276838 229.337 96419 51.3 13.5 0.1                 
2015 April 368661097 82562328 454069857 358280 526234 8031736.34 502062.4 4760422 4480674 279748 229.957 93672 61.5 4.9 1.2                 
2015 May 371247443 82724528 456536166 315335 587900.69 7478688.29 502062.4 4768384 4487508 280876 230.886 97424 71.1 0.6 6.4                 
2015 June 363877612 73225721 450034942 342824 539872.32 8104149.28 502062.4 4772869 4493230 279639 232.026 94600 79.3 0 14                 
2015 July 428057959 94422800 528969335 348791 621153 8093766.37 506448 4774945 4498453 276492 231.719 97756 80 0 15.1                 
2015 August 405018288 81697730 490300280 326320.79 513049.65 7684835.24 506448 4776483 4504148 272335 231.26 97898 77.9 0 12.7                 
2015 September 396550185 84703299 494175229 347197 556391.08 7685115.64 506448 4779107 4511413 267694 230.913 90772 73.5 0.1 7.7                 
2015 October 378464756 82833277 465736019 332431 590963.65 7280940.75 507471.3 4785180 4521814 263366 230.86 90400 60.4 5.1 0.5                 
2015 November 371157971 85679703 462617445 293606.46 456542.81 6251863.89 507471.3 4795756 4535703 260053 230.422 84094 55.4 9.7 0.1                 
2015 December 374748682 79047076 466226036 351835.59 511885.01 7102178.95 507471.3 4808514 4551337 257177 229.581 93138 56.1 9.5 0.5                 
2016 January 385081726 78693547 468246984 393211 475587.65 7867588.23 513542.7 4820427 4566317 254110 229.469 80100 39.3 25.5 0                 
2016 February 346085103 76339915 428277975 501651.13 367956 10557709.05 513542.7 4829889 4578941 250948 229.646 89308 43.8 20.9 0                 
2016 March 346258742 77223197 437100903 520735.8 468710.34 12352982.88 513542.7 4836197 4588514 247683 230.977 100254 58.4 7.5 0.8                 
2016 April 394686038 87659833 483586934 500967 634724.67 10820705.89 516445.9 4840535 4595687 244848 231.975 96838 60.7 6 1.7                 
2016 May 403202831 82351166 485591067 464251 578940.35 10221989.04 516445.9 4845206 4601914 243292 232.906 98082 67.5 1.7 4                 
2016 June 400319757 85789624 499542437 488951.89 655748.02 10783912.35 516445.9 4851555 4608317 243238 233.838 97700 76.7 0 12.2                 
2016 July 403736353 86731607 496872318 441317.21 652432.49 9941732.04 521293 4859953 4615733 244220 233.292 98961 82 0 16.8                 
2016 August 407589820 83965505 495094091 515913.25 645030.69 11393583.92 521293 4869942 4624070 245872 233.561 103307 82.1 0 15.4                 
2016 September 426163076 90572049 529246820 488943.69 573878.65 10278548.7 521293 4880584 4632733 247851 234.069 94749 76.4 0 11.3                 
2016 October 384292728 84839989 474753570 442382 591247.67 9539927.04 530144.7 4890145 4641160 248985 234.337 92033 64.4 2.7 1.8                 
2016 November 410593605 88875558 504128406 455328 638909.69 9129023.2 530144.7 4897719 4649715 248004 234.029 89366 52.8 12.4 0.4                 
2016 December 383522147 84248179 482197758 435207 507828.35 8984012.52 530144.7 4903564 4658756 244808 234.204 99916 44.5 20.2 0                 
2017 January 395564192 83548732 485447710 490811 505310 9635716.81 534530.3 4908232 4668246 239986 235.492 84235 46.5 18.2 0                 
2017 February 362394993 77772159 445276484 635989.5 628213.01 9995210.88 534530.3 4912098 4678040 234058 236.052 88434 53.3 11.7 0.1                 
2017 March 350174259 77386740 442766280 608121 689975.02 13378092.59 534530.3 4915480 4687202 228278 236.154 105183 52 13.4 0.3                 
2017 April 405515896 92076062 503198208 492498 560701.68 10208051.41 536556.7 4919929 4696347 223582 236.728 96332 66.5 2.5 2.9                 
2017 May 392950757 91596190 487301732 508596.53 584356.99 11181434.57 536556.7 4926285 4706367 219918 236.774 104569 69.4 1.5 4.3                 
2017 June 424440611 87117213 526524020 513000 712728.4 10788392.97 536556.7 4934301 4716865 217436 237.346 101574 75.6 0 9.7                 
2017 July 414030940 90457256 511928935 478192 525370.02 10120310.12 541827.7 4943175 4726877 216298 236.942 101141 82 0 15.2                 
2017 August 412411138 84261025 498824653 522205.2 629118.67 11486474.51 541827.7 4950706 4735061 215645 237.892 103617 78.8 0 11.5                 
2017 September 423491245 91643592 530536099 465217 493221.33 9776502.19 541827.7 4955417 4740683 214734 239.649 98778 71.9 0.2 6.2                 
2017 October 397120466 86019021 487013123 485739 591923.01 10113703.41 551248.2 4957257 4743871 213386 239.067 96179 64.2 4.1 2.3                 
2017 November 476873743 111638305 593016240 400550.52 572416.98 8947081.16 551248.2 4956898 4745105 211793 238.861 93524 49.9 14.9 0                 
2017 December 332652236 67136061 416735856 389043 549673.66 8301197.14 551248.2 4956077 4746307 209770 238.512 98801 42.3 22.5 0                 
2018 January 396003281 81882281 483369185 490203 552371 9440957.37 556731.6 4957181 4749545 207636 239.772 87048 36.9 27.9 0                 
2018 February 359604006 80896399 447243798 587234 581829 9843808.82 556731.6 4961922 4756173 205749 241.123 88542 52.3 13.2 0.3                 
2018 March 350083406 79011360 443154562 578267.4 597452.67 11960208.95 556731.6 4969833 4766016 203817 241.595 108350 45.8 19 0.1                 
2018 April 405541398 87735192 493323134 573286.5 671772.99 11161086.48 567963.7 4977177 4775695 201482 242.486 98248 57.2 8.1 0.4                 
2018 May 405667101 93212598 504359361 515002.5 616880 11240023.88 567963.7 4981319 4782348 198971 243.279 107939 74.2 0 8.6                 
2018 June 424469360 91489655 533104634 466849 726337.98 10257397.18 567963.7 4982889 4786558 196331 243.77 103701 78.3 0 12.9                 
2018 July 437802925 90416549 533126893 0 . 10640032.45 569085.4 4983233 4789518 193715 243.776 102680 79.6 0 13.9                 
2018 August 419042276 87571673 511902371 519267 648145.99 11310192.4 569085.4 4985447 4793151 192296 243.605 107191 78.9 0 13.2                 
2018 September 424591126 93709815 530071905 454443 452181.31 8404587.89 569085.4 4991872 4799281 192591 243.64 94975 76.9 0 10.9                 
2018 October 403095919 91210786 501743953 570562 631052.97 10562188.61 576026 5002802 4808352 194450 244.163 98046 62 6.7 3.6                 
2018 November 433596599 109664141 547146237 434732 543386.32 9156314.6 576026 5017079 4819777 197302 243.484 94379 48.4 16.4 0                 
2018 December 400527018 86593402 501829479 355350 491314.34 8179575.45 576026 5031958 4831516 200442 242.15 100222 45.4 19.4 0                 
2019 January 392986766 99020010 499961596 581114 625951 10593545.13 581020.2 5044457 4841346 203111 242.547 87114 42.1 22.7 0                 
2019 February 399467870 73980306 478102518 509244.4 666421.67 9785923.83 581020.2 5052626 4847960 204666 243.856 89009 47.6 17.4 0.2                 
2019 March 366220572 78481904 458447807 539200 699243.99 12077674.42 581020.2 5057506 4852162 205344 245.554 109845 49.2 15.6 0                 
2019 April 416616505 96496467 517155867 487026 568252.02 11297223.5 588477.4 5061879 4856683 205196 246.847 103156 61.8 4.7 1.3                 
2019 May 422367908 93021481 521697699 714007.55 745824.01 11333071 588477.4 5067558 4863356 204202 246.667 111772 73.5 0.5 8.4                 
2019 June 459549521 100142145 576927700 622863 633653.65 10011556.15 588477.4 5074835 4872346 202489 246.515 104743 75.9 0 9.5                 
2019 July 425065544 92483162 523070323 547301.07 550463.35 11268415.82 595117.9 5084334 4884840 199494 247.25 109269 81.5 0 15.3                 
2019 August 445146895 93667527 543592925 492580 737087.7 11262309.1 595117.9 5093224 4898132 195092 246.953 114659 78.4 0 12.8                 
2019 September 442614765 94733220 553557188 441417 564057.35 10042341.99 595117.9 5100430 4910144 190286 246.891 99537 76.8 0 11.6                 
2019 October 413552547 93289774 513234701 494033.21 677132 10831114.98 601787.9 5104706 4918234 186472 247.423 103801 65.8 2.4 2.6                 
2019 November 428994880 99869615 533797965 393093 547075.65 8506731.82 601787.9 5104251 4918613 185638 247.385 101101 48.1 16.6 0                 
2019 December 406769948 90816896 512661336 406135 537185.33 9141591.92 601787.9 5103301 4917178 186123 247.289 103463 47.6 17.2 0                 
2020 January 391280710 89292355 491259309 476536.5 578480.34 10589724.03 600630.9 5110632 4925741 184891 248.005 93268 46.9 17.9 0                 
2020 February 407289588 94183985 506495620 448862.06 544220.34 9532351.19 600630.9 5114662 4932056 182606 248.412 97859 48.2 16.7 0                 
2020 March 370424731 84895982 467207937 566294.63 652271.32 10913568.73 600630.9 4971240 4755540 215700 248.136 82677 57.9 8.5 1                 
2020 April 324933859 75982938 405348813 453224 554221.66 7150636.58 546775.7 4687926 4082234 605692 246.254 69933 59.4 6.4 0.6                 
2020 May 218414414 69471279 293865160 428214 577809 9585626.37 546775.7 4816235 4200723 615512 245.696 108267 65.3 3.5 3                 
2020 June 285382077 72316928 369403644 480246 592439.35 10908722.18 546775.7 4787234 4430134 357100 247.223 115297 76 0.2 9.7                 
